    ks = [10, 20, 30, 40, 50, 60, 70, 80, 90, 100, 110, 120, 130, 140, 150, 160, 170, 180, 190, 200, 210, 220, 230, 240, 250, 260, 270, 280, 290, 300, 310, 320, 330, 340, 350, 360, 370, 380, 390, 400, 410, 420, 430, 440, 450, 460, 470, 480, 490, 500]

    distortions = [44.0054524306, 43.1041480172, 42.3950583403, 41.8033380855, 41.2831232817, 40.9423534525, 40.5372306073, 40.2527122833, 39.9888370023, 39.7408839804, 39.5122358593, 39.3528596258, 39.2031468595, 39.0670753409, 38.8537281076, 38.7333114377, 38.6650743974, 38.5413768595, 38.4355137825, 38.339101599, 38.2199564682, 38.142669439, 38.0666532364, 38.0076264395, 37.9446660698, 37.7960293346, 37.7821601678, 37.7224491007, 37.6638238953, 37.5884697545, 37.5287607408, 37.4860619719, 37.4170380197, 37.3699499643, 37.2850811631, 37.2406922805, 37.1855877499, 37.1500292962, 37.1045757248, 37.0687951685, 37.004588892, 36.9452131027, 36.915801094, 36.8370990352, 36.8154456129, 36.7768934821, 36.7294278289, 36.6755456124, 36.6355183792, 36.5914460396]

    silhouettes = [0.0237434707078, 0.0331372597676, 0.0397080439445, 0.0467943850556, 0.0489247100449, 0.0516723294587, 0.054372229588, 0.0579587769312, 0.0587941333653, 0.0612830543209, 0.0608114653348, 0.0619206149642, 0.0620123879717, 0.0627451953171, 0.0616678262242, 0.0612952658827, 0.0578758839207, 0.0627430757833, 0.0632742856449, 0.0589349001414, 0.0607980119639, 0.0606777026651, 0.0615576359489, 0.0609246579706, 0.0612794734257, 0.06282964669, 0.0599911862032, 0.0613032256734, 0.0605464026798, 0.056852502324, 0.060049514918, 0.0582556513425, 0.0602735255275, 0.0563427533272, 0.0563669201114, 0.0596197376262, 0.0569346224089, 0.0564390024223, 0.0556806963457, 0.0590946225673, 0.0584516370874, 0.0562474893275, 0.0566549049516, 0.053671527281, 0.0549520848382, 0.0566572318247, 0.0564180586814, 0.0581878199745, 0.0541206682576, 0.0547789206578]