
 ks = [25, 50, 75, 100, 125, 150, 175, 200, 225, 250, 275, 300]

 ds = [0.651853036696, 0.570404582312, 0.524520913796, 0.492388105431, 0.474906551331, 0.458118711953, 0.442591975883, 0.432366572645, 0.420148593491, 0.418018614008, 0.4071087702, 0.404990761424]

 scs = [0.0845479347149, 0.11652566607, 0.144254438968, 0.143679597024, 0.14694694446, 0.151842644037, 0.156822776458, 0.151031857762, 0.162993990653, 0.147612237274, 0.150923015774, 0.144865323454]