

 ks = [25, 50, 75, 100, 125, 150, 175, 200, 225, 250, 275, 300]

 ds = [0.675584149985, 0.595937131163, 0.549312854941, 0.518791710458, 0.502212431566, 0.486217272011, 0.474686545768, 0.461591593309, 0.453778982796, 0.448823339284, 0.440990761653, 0.433375254959]

 scs = [0.0740882789669, 0.109059902958, 0.120678190935, 0.129285152864, 0.125653695445, 0.129643012095, 0.140697500458, 0.137060266684, 0.130845431135, 0.133702365874, 0.139649404731, 0.128744075259]