ks = [25, 50, 75, 100, 125, 150, 175, 200, 225, 250, 275, 300, 325, 350, 375, 400, 425, 450, 475]

ds = [0.608531641349, 0.556405553285, 0.516748918263, 0.49325303676, 0.483014288464, 0.467997579768, 0.457459051439, 0.448808063424, 0.441612688467, 0.43726890197, 0.429234551873, 0.421865372459, 0.418660217953, 0.414554580988, 0.413213307086, 0.408446070185, 0.407744650105, 0.404257618941, 0.399604882628]

scs = [0.0694983744032, 0.0943718075061, 0.101941052407, 0.114804688597, 0.111981651911, 0.113571616619, 0.114713834196, 0.120155723964, 0.118083429562, 0.120508939666, 0.113654942906, 0.119424751196, 0.118039583843, 0.11188734915, 0.111118547542, 0.112677946567, 0.104139232081, 0.104092576391, 0.101208283943]